[0;37;5;47;107m   .  .    ..tX@Xt;.  .    . .tX@8[0;1;37;97;47mX[0;37;5;47;107m8S..    .  .  .[0m
[0;37;5;47;107m  .    .  :8[0;1;37;97;47m [0;1;35;95;47m@[0;1;34;94;47m8[0;35;47m@[0;1;34;94;47m@[0;1;35;95;47mS[0;36;47mX[0;1;37;97;47m [0;37;5;47;107m88888888[0;1;37;97;47m  [0;1;36;96;47m8[0;1;34;94;47m8[0;36;47m8[0;1;34;94;47m8[0;36;47m8[0;37;46m@[0;1;36;96;47m8[0;36;47mS[0;37;5;47;107m8%.   .     [0m
[0;37;5;47;107m    .   .8[0;1;35;95;47mX[0;1;34;94;47m8[0;1;35;95;47m8[0;37;5;44;104m8[0;1;34;94;47mS@@@888@XX@[0;36;47m@[0;1;34;94;47m8@88@[0;36;47m8[0;1;34;94;47m8[0;1;36;96;47m8[0;37;5;44;104m8[0;1;34;94;47m@8[0;1;36;96;47m8[0;37;5;44;104m8[0;1;36;96;47m@[0;1;37;97;47m.[0;37;5;47;107mt     .  [0m
[0;37;5;47;107m  .   .:[0;1;37;97;47m;[0;1;35;95;47m8[0;37;5;44;104m8[0;1;35;95;47m8[0;37;5;44;104m8[0;1;35;95;47mX[0;1;34;94;47m@[0;1;35;95;47m8[0;1;34;94;47m@[0;1;35;95;47m8[0;1;34;94;47m@[0;1;35;95;47m@[0;1;34;94;47m@[0;1;35;95;47m@[0;1;34;94;47m8XX@XS[0;1;36;96;47m@[0;1;34;94;47m8XX@@[0;1;36;96;47m@[0;1;34;94;47m8[0;36;47m8[0;37;5;44;104m8[0;36;47m@[0;1;34;94;47m8[0;1;36;96;47m8[0;36;47m8[0;37;5;47;107m8;     .[0m
[0;37;5;47;107m    .  [0;1;37;97;47m@[0;1;34;94;5;45;105m8[0;35;47m@[0;1;35;95;47m8[0;37;5;44;104m8[0;1;35;95;47mX[0;37;5;44;104m8[0;1;35;95;47m@[0;37;5;44;104m8[0;1;35;95;47m@[0;37;5;44;104m8[0;1;35;95;47mX[0;37;5;44;104m8[0;1;34;94;47mS@X[0;1;35;95;47m@[0;1;34;94;47m8[0;1;35;95;47mX[0;1;34;94;47m8X8[0;1;35;95;47mX[0;1;34;94;47m8[0;1;36;96;47m@[0;1;34;94;47m8XS@[0;1;36;96;47m@[0;1;34;94;47m@@[0;1;36;96;47m8[0;35;5;44;104m.[0;1;37;97;47m [0;1;36;96;47m8[0;37;5;47;107m%. .   [0m
[0;37;5;47;107m  .   @[0;1;35;95;47m8[0;1;34;94;47m8[0;37;5;45;105m8[0;37;5;44;104m8[0;1;35;95;47mX[0;1;34;94;47m@[0;1;35;95;47m@[0;37;5;44;104m8[0;1;35;95;47mX[0;37;5;44;104m8[0;1;35;95;47mS[0;37;5;44;104m8[0;1;35;95;47mS[0;1;34;94;47m8[0;1;35;95;47m@[0;37;5;44;104m8[0;1;34;94;47mXX@X[0;1;35;95;47m@[0;37;5;44;104m8[0;1;36;96;47m8[0;37;5;44;104m8[0;1;35;95;47m8[0;1;37;97;47m [0;1;33;93;47mX[0;37;5;43;103m:[0;1;37;97;47m8[0;1;30;90;47m@[0;1;34;94;47m@@[0;36;47mX[0;1;36;96;47mS[0;37;5;44;104m8[0;1;34;94;47m@[0;1;37;97;47m [0;37;5;47;107m:.    [0m
[0;37;5;47;107m     ;[0;1;35;95;47m8[0;37;5;45;105m8[0;37;5;44;104m8[0;1;37;97;47m;[0;37;5;47;107mX%:tX[0;1;37;97;47m [0;37;5;45;105m8[0;37;5;44;104m8[0;1;35;95;47mX[0;37;5;44;104m8[0;1;35;95;47m@[0;37;5;44;104m8[0;1;35;95;47mS[0;1;34;94;47m@[0;1;35;95;47m8[0;37;5;44;104m8[0;1;35;95;47mS[0;37;5;44;104m8[0;1;35;95;47mS[0;37;5;44;104m8[0;1;35;95;47mS[0;37;5;44;104m@[0;1;37;97;47m S[0;37;5;43;103m8[0;1;33;93;47mX[0;1;30;90;47m8[0;1;34;94;47mXS@@[0;36;47mX[0;1;34;94;47m@[0;1;36;96;47m8[0;37;5;47;107m8; .  [0m
[0;37;5;47;107m  . .8[0;35;5;45;105m [0;1;34;94;47m8[0;1;35;95;47mX[0;37;5;47;107m; . . S[0;1;37;97;47m [0;1;34;94;5;45;105m8[0;1;37;97;47m [0;1;34;94;5;45;105m8[0;1;36;96;47mS[0;37;5;45;105m8[0;37;5;44;104m8[0;1;35;95;47m@[0;37;5;44;104m8[0;1;35;95;47mS[0;37;5;44;104m8[0;1;37;97;47m [0;37;5;44;104m8[0;1;36;96;47m8[0;36;5;46;106m [0;35;47m@[0;1;34;94;47m@[0;1;30;90;47m8[0;1;34;94;47m@X[0;1;35;95;47mX[0;37;45m@[0;31;5;41;101m [0;35;47m8[0;1;35;95;47m@[0;1;34;94;47m8@[0;37;5;44;104m8[0;1;37;97;47m [0;37;5;47;107mS    [0m
[0;37;5;47;107m    :[0;1;35;95;47m@[0;1;34;94;47m8[0;37;5;45;105m8[0;1;37;97;47m:[0;37;5;47;107m     ..8[0;1;35;95;5;44;104m8[0;1;35;95;47mS[0;1;34;94;47m@[0;1;34;94;5;45;105m8[0;1;36;96;47mS[0;1;34;94;5;45;105m8[0;1;36;96;47mS[0;37;5;45;105m8[0;37;5;44;104m8[0;1;35;95;47mX[0;37;5;44;104m8[0;1;37;97;47m [0;1;36;96;5;44;104m8[0;1;34;94;46m8[0;37;5;46;106m8[0;1;35;95;47m8[0;37;5;44;104m8[0;1;35;95;47mS[0;37;5;44;104m8[0;35;47m@[0;31;5;41;101m   [0;35;47m@[0;1;34;94;47m8[0;1;36;96;47mX[0;1;34;94;47m8X[0;37;5;47;107m8. . [0m
[0;37;5;47;107m  . 8[0;37;5;45;105mS@[0;1;35;95;5;44;104m8[0;37;5;45;105m8[0;37;5;47;107m8:.  .8[0;1;34;94;5;45;105m@[0;1;37;97;47m [0;1;34;94;5;45;105m8[0;1;35;95;47m%8[0;37;5;44;104m8[0;1;35;95;47m8[0;1;35;95;5;44;104m8[0;1;36;96;47mS[0;37;5;45;105m8[0;37;5;44;104m8[0;1;35;95;47m@[0;1;34;94;47m8[0;1;35;95;47m%[0;1;36;96;47m@[0;1;35;95;5;44;104m8[0;1;36;96;47mS[0;1;30;90;47m8[0;37;46m8[0;1;36;96;47m%[0;1;35;95;47m8[0;35;47m888[0;1;34;94;47mXX8[0;1;35;95;47mS[0;37;5;44;104m8[0;1;37;97;47m:[0;37;5;47;107m:   [0m
[0;37;5;47;107m   .[0;1;35;95;47mS[0;37;5;45;105m@[0;37;5;44;104m8[0;37;5;45;105m88[0;1;34;94;5;45;105m8[0;1;37;97;47mS[0;1;35;95;5;47;107m8[0;37;5;47;107m88[0;37;5;45;105m88[0;1;35;95;47m8[0;1;35;95;5;44;104m8[0;1;37;97;47m [0;1;35;95;5;44;104m8[0;1;35;95;47m@8[0;37;5;44;104m8[0;1;35;95;47m@[0;1;35;95;5;44;104m8[0;1;35;95;47mS[0;1;34;94;47m@[0;37;5;45;105m8[0;37;5;44;104m8[0;1;35;95;47m8[0;37;5;44;104m8[0;1;35;95;47mX[0;36;47m@[0;32;46mS[0;36;42mS[0;32;46m8[0;36;47mX[0;1;35;95;47m8[0;1;34;94;47m8[0;1;35;95;47m@[0;1;34;94;47m8[0;1;35;95;47mX[0;37;5;44;104m8[0;1;36;96;47m@[0;1;34;94;47m@[0;1;37;97;47m [0;37;5;47;107m8.  [0m
[0;37;5;47;107m   %[0;37;5;45;105mSX@[0;1;34;94;5;45;105m8[0;1;35;95;47m8[0;37;5;45;105m8[0;1;34;94;5;45;105m8[0;37;5;45;105m8[0;1;34;94;5;45;105m8[0;37;5;45;105m8[0;1;35;95;5;44;104m8[0;1;35;95;47mX[0;1;35;95;5;44;104m8[0;1;37;97;47m [0;1;34;94;5;45;105m@[0;1;35;95;47mS[0;1;35;95;5;44;104m8[0;1;35;95;47mX8[0;37;5;44;104m8[0;1;35;95;47mX[0;37;5;44;104m8[0;37;5;45;105m8[0;1;34;94;47m@[0;1;35;95;47m8[0;37;5;44;104m8[0;1;35;95;47m@[0;37;5;44;104m8[0;1;35;95;47m%[0;1;30;90;46m8[0;32;5;42;102m8[0;1;30;90;47m8[0;36;47mX[0;37;5;44;104m8[0;1;35;95;47mX[0;37;5;44;104m8[0;1;34;94;47mS@X[0;1;35;95;47m8[0;37;5;44;104m8[0;1;34;94;47mX[0;37;5;47;107m8: .[0m
[0;37;5;47;107m . @[0;35;5;45;105m [0;37;5;44;104m8[0;37;5;45;105m@8[0;1;35;95;5;44;104m8[0;37;5;45;105m888[0;1;35;95;47m8[0;1;34;94;5;45;105m8[0;1;37;97;47m [0;1;34;94;5;45;105m8[0;1;35;95;47mS[0;37;5;45;105m@8[0;37;5;44;104m8[0;1;35;95;47mX[0;1;35;95;5;44;104m8[0;1;35;95;47mX[0;37;5;45;105m8[0;1;34;94;47m8[0;37;5;45;105m8[0;37;5;44;104m8[0;37;5;45;105m8[0;37;5;44;104m8[0;37;5;45;105m8[0;1;34;94;47m@[0;37;5;45;105m8[0;1;34;94;47m@[0;1;35;95;47mX8[0;1;34;94;47m8[0;1;35;95;47m8[0;1;34;94;47m8@[0;1;35;95;47mX[0;1;34;94;47m@[0;1;35;95;47m@[0;37;5;44;104m8[0;1;34;94;47mX[0;1;35;95;47mS[0;37;5;44;104m8[0;37;5;47;107m8S  [0m
[0;37;5;47;107m   [0;1;35;95;47mS[0;37;5;45;105m@S[0;1;34;94;5;45;105m8[0;37;5;45;105m88[0;1;34;94;5;45;105m8[0;1;35;95;47m8[0;1;35;95;5;44;104m8[0;1;35;95;47m8[0;37;5;45;105m8[0;1;34;94;5;45;105m8[0;1;35;95;47mX[0;1;34;94;5;45;105m8[0;1;35;95;47m8[0;1;35;95;5;44;104m8[0;37;5;45;105m8[0;1;35;95;47m@8[0;1;35;95;5;44;104m8[0;1;35;95;47mX[0;1;34;94;5;45;105m8[0;1;35;95;47mS[0;37;5;45;105m8[0;37;5;44;104m8[0;37;5;45;105m8[0;1;34;94;47m@[0;37;5;45;105m8[0;37;5;44;104m8[0;1;35;95;47m8[0;37;5;44;104m8[0;1;35;95;47m8[0;37;5;44;104m8[0;1;35;95;47m8[0;1;34;94;47m8[0;1;35;95;47m8[0;37;5;44;104m8[0;1;35;95;47m@[0;37;5;44;104m8[0;1;35;95;47mS[0;37;5;44;104m8[0;1;34;94;47mS@[0;1;35;95;47mS[0;37;5;47;107m%  [0m
[0;37;5;47;107m  .[0;37;5;45;105m8SX8[0;1;34;94;5;45;105m8[0;1;35;95;47m8[0;37;5;45;105m8[0;1;34;94;5;45;105m8[0;1;35;95;47m@[0;1;34;94;5;45;105m8[0;1;35;95;47m8[0;37;5;45;105m888[0;1;35;95;5;44;104m8[0;1;37;97;47m;[0;37;5;45;105m8[0;1;35;95;5;44;104m8[0;1;37;97;47m [0;37;5;45;105m8[0;1;35;95;47m@@[0;37;5;44;104m8[0;37;5;45;105m8[0;1;35;95;47mS8[0;1;34;94;47m8[0;37;5;45;105m8[0;1;35;95;47mX[0;37;5;44;104m8[0;1;35;95;47m8[0;1;34;94;47m8[0;1;35;95;47m8[0;37;5;44;104m8[0;1;35;95;47m8[0;37;5;44;104m8[0;1;35;95;47mX[0;37;5;44;104m8[0;1;35;95;47mS[0;37;5;44;104m8[0;1;35;95;47mS[0;1;34;94;47m@[0;1;35;95;47m8[0;37;5;44;104m8[0;37;5;47;107m:  [0m
[0;37;5;47;107m  :[0;37;5;45;105m8[0;1;34;94;5;45;105m@[0;37;5;45;105m@[0;1;34;94;5;45;105m@[0;37;5;45;105m8X[0;1;34;94;5;45;105m8[0;37;5;45;105m888[0;1;34;94;5;45;105m8[0;1;37;97;47m [0;37;5;47;107m88S%: S:t:..;;:.;X88[0;1;35;95;47mX8[0;37;5;44;104m8[0;1;35;95;47m@[0;1;34;94;47m8[0;37;5;45;105m8[0;1;34;94;47m@[0;1;35;95;47m@[0;37;5;44;104m8[0;1;35;95;47m@[0;37;5;44;104m8[0;1;37;97;47m [0;37;5;47;107m@. [0m
[0;37;5;47;107m .:[0;37;5;45;105m8XS@[0;1;34;94;5;45;105m@[0;37;5;45;105m88X[0;1;34;94;5;45;105m8[0;37;5;45;105m8[0;37;5;47;107m8;t: ..       .   .:.;.8[0;37;5;45;105m8[0;37;5;44;104m8[0;37;5;45;105m8[0;37;5;44;104m8[0;1;35;95;47m@[0;37;5;44;104m8[0;1;35;95;47m@[0;37;5;44;104m8[0;1;35;95;47mX[0;37;5;45;105m8[0;37;5;47;107m% .[0m
[0;37;5;47;107m  .[0;37;5;45;105m8%[0;1;34;94;5;45;105m@[0;37;5;45;105m@X[0;1;34;94;5;45;105mX[0;37;5;45;105mXX[0;1;37;97;47m:[0;37;5;47;107mX. .  .  .  .   .   ...:;8[0;37;5;45;105m8[0;1;34;94;47mS[0;37;5;45;105m8[0;37;5;44;104m8[0;37;5;45;105m8[0;1;34;94;47m@[0;37;5;45;105m8[0;37;5;44;104m8[0;1;37;97;47m [0;37;5;47;107mX  [0m
[0;37;5;47;107m  .%[0;37;5;45;105m8S[0;35;5;45;105m [0;37;5;45;105mX88[0;37;5;47;107m8: .     .   .  .   .     .  8[0;1;35;95;47mX[0;37;5;45;105m8[0;37;5;44;104m8[0;37;5;45;105m8[0;1;34;94;47mX[0;37;5;45;105m8[0;37;5;47;107m8:  [0m
[0;37;5;47;107m   .:888@ ..    .  . .          .     ...88[0;37;5;45;105m8[0;1;37;97;47m [0;37;5;47;107m8; . [0m
